581
141
646
99
625
127
478
213
357
86
399
609
404
189
535
289
427
228
321
443
350
93
565
251
583
455
685
61
666
63
292
148
107
620
338
534
285
452
127
585
84
281
554
331
251
588
210
339
315
254
119
441
657
505
165
82
558
454
487
253
341
331
115
480
263
216
205
98
206
312
390
338
135
481
74
497
253
283
376
668
648
63
619
259
443
560
82
326
114
243
300
613
392
285
60
391
551
118
559
174
64
149
110
542
316
92
629
310
263
470
528
76
520
171
337
526
275
138
331
454
502
310
409
230
68
560
646
230
196
143
625
267
687
100
181
470
613
364
280
485
400
609
166
90
198
79
649
207
342
165
384
228
201
599
643
588
231
612
192
363
559
663
492
136
441
383
343
567
497
65
289
408
253
142
251
479
516
230
286
132
255
455
451
678
292
544
396
487
608
328
285
317
249
586
306
524
521
560
257
300
122
351
326
117
634
395
554
396
558
317
76
260
264
103
505
484
378
465
462
247
468
341
587
472
73
457
367
344
354
111
102
673
274
76
64
385
485
120
111
311
407
133
459
382
225
312
599
117
228
531
575
297
458
380
247
571
216
174
553
209
338
296
616
141
332
660
514
121
613
95
294
199
521
521
366
216
674
313
437
432
397
530
114
279
461
159
639
547
354
386
434
345
581
127
648
364
371
489
195
630
528
569
467
664
492
378
411
77
674
528
329
474
391
415
226
281
160
614
690
141
202
606
380
426
562
640
348
260
323
481
424
177
340
682
346
160
309
367
420
163
330
389
636
391
654
282
570
587
72
274
342
555
269
478
297
254
420
99
132
623
671
292
405
681
85
208
332
498
85
258
620
206
331
235
301
100
214
642
185
358
387
369
324
109
193
398
211
628
611
649
439
456
413
649
198
516
216
486
668
353
177
433
654
137
679
152
341
143
416
567
574
211
261
557
356
129
551
631
314
165
242
155
410
629
358
379
348
343
139
303
146
277
658
514
84
680
257
194
634
633
325
599
413
362
368
625
667
81
397
470
259
144
514
474
478
67
436
249
166
593
63
343
578
308
628
95
449
426
454
282
138
428
186
619
262
116
156
546
256
620
410
583
431
460
398
675
524
490
344
506
559
158
384
185
505
76
139
221
574
211
505
264
601
643
76
416
603
94
147
656
198
603
144
163
464
550
263
342
556
520
296
615
341
96
566
608
402
668
374
99
183
298
134
310
231
457
329
76
185
491
560
469
332
582
408
218
382
626
520
120
108
251
568
627
338
575
686
443
371
432
604
586
406
414
330
223
263
550
288
371
403
315
107
293
99
668
131
257
204
506
345
578
230
92
90
155
73
588
352
217
416
226
212
179
414
77
249
360
572
624
650
85
247
649
325
648
407
647
555
146
582
456
383
226
680
677
630
184
92
183
502
591
331
415
112
584
389
657
379
130
258
430
427
304
466
541
472
163
516
513
586
512
224
246
269
88
463
679
643
392
73
80
70
332
306
201
223
591
528
382
66
424
183
188
271
379
533
594
347
134
594
646
441
559
441
610
132
419
507
330
231
652
391
641
162
212
308
585
382
107
224
442
360
599
63
436
467
352
297
470
177
331
285
206
626
347
572
413
540
452
469
569
444
434
415
279
478
570
295
637
208
201
512
536
581
154
324
144
222
302
204
448
491
198
552
231
674
312
325
203
416
581
599
483
547
395
184
231
385
274
286
165
628
87
472
218
667
294
502
108
364
623
383
231
477
355
520
135
105
255
650
326
507
496
224
131
172
475
458
513
250
630
409
498
145
364
349
149
190
219
198
156
455
649
509
223
176
589
305
528
585
689
630
271
187
217
306
193
418
645
632
379
133
674
440
163
62
282
142
382
157
619
318
270
683
362
392
321
143
548
674
488
433
647
581
72
399
618
394
585
114
314
258
327
379
166
242
408
189
94
369
622
86
297
319
380
561
579
424
113
416
430
608
658
173
493
401
587
640
287
139
224
561
437
184
297
233
359
252
87
337
108
207
71
249
625
596
555
511
382
186
527
354
113
685
170
118
102
638
365
601
461
542
248
455
627
546
600
632
353
284
534
197
95
150
111
96
174
531
668
296
282
519
138
402
228
398
542
305
660
343
122
461
87
362
581
515
441
555
138
187
253
584
147
204
340
417
567
236
228
284
335
406
487
185
513
588
256
513
489
270
244
298
343
613
432
515
683
640
440
119
242
489
475
372
622
382
535
62
219
544
226
329
625
226
652
647
549
611
60
196
660
579
433
427
449
682
429
282
560