266
569
448
110
662
333
341
88
661
316
642
130
208
572
334
514
605
647
681
546
254
477
597
614
100
279
334
498
225
566
672
260
73
541
273
264
64
136
638
173
65
409
341
358
505
647
159
214
282
475
142
558
550
207
578
188
205
203
643
364
115
494
121
605
358
477
261
658
253
332
262
682
342
354
224
660
107
475
324
354
284
431
278
333
590
356
254
413
491
371
217
360
473
558
576
566
264
147
553
214
366
616
660
449
648
527
97
615
276
640
243
298
189
588
323
529
402
326
72
156
632
568
377
317
563
588
434
418
689
563
680
663
479
599
267
242
82
121
369
624
126
415
538
255
432
391
224
233
115
252
319
311
391
244
281
612
307
497
245
260
504
127
617
224
198
273
500
172
178
70
677
346
480
407
182
125
690
597
298
134
143
334
413
564
397
560
574
236
475
76
655
176
449
491
605
76
112
108
223
82
678
461
226
630
80
350
309
109
475
235
608
223
328
208
106
522
301
298
73
594
624
178
72
178
433
370
327
197
353
503
278
399
245
84
132
316
118
365
185
513
340
202
434
358
120
325
520
318
131
216
595
349
268
658
294
326
544
284
170
498
269
615
583
425
127
661
608
471
572
201
540
257
350
409
106
687
209
684
625
645
592
530
172
421
104
84
316
487
114
475
604
318
92
138
431
465
164
99
440
108